structure(c(1011, 1031, 1033, 1301, 1302, 1311, 1312, 1342, 1362, 
1371, 1621, 1631, 1642, 1651, 1661, 1662, 1891, 1892, 1901, 1902, 
1911, 1912, 1913, 2201, 2202, 2391, 2401, 2411, 2412, 2511, 2522, 
2541, 2542, 2551, 2552, 2562, 2563, 2671, 2683, 2781, 2782, 2791, 
2792, 2801, 2802, 2811, 2812, 2821, 2822, 2831, 2832, 2841, 2842, 
2851, 2852, 2861, 2862, 2871, 2872, 2881, 2891, 3101, 3102, 3111, 
3112, 3121, 3122, 3261, 3262, 3271, 3272, 3282, 3381, 3382, 3391, 
3392, 3401, 3402, 3411, 3412, 3421, 3432, 3441, 3451, 3452, 3561, 
3562, 3571, 3631, 3632, 3641, 3642, 3662, 3672, 3681, 3682, 3691, 
3692, 3701, 3702), .Names = c("1011", "1031", "1033", "1301", 
"1302", "1311", "1312", "1342", "1362", "1371", "1621", "1631", 
"1642", "1651", "1661", "1662", "1891", "1892", "1901", "1902", 
"1911", "1912", "1913", "2201", "2202", "2391", "2401", "2411", 
"2412", "2511", "2522", "2541", "2542", "2551", "2552", "2562", 
"2563", "2671", "2683", "2781", "2782", "2791", "2792", "2801", 
"2802", "2811", "2812", "2821", "2822", "2831", "2832", "2841", 
"2842", "2851", "2852", "2861", "2862", "2871", "2872", "2881", 
"2891", "3101", "3102", "3111", "3112", "3121", "3122", "3261", 
"3262", "3271", "3272", "3282", "3381", "3382", "3391", "3392", 
"3401", "3402", "3411", "3412", "3421", "3432", "3441", "3451", 
"3452", "3561", "3562", "3571", "3631", "3632", "3641", "3642", 
"3662", "3672", "3681", "3682", "3691", "3692", "3701", "3702"
))
